[ 9.54340136 10.05424036 10.56507937 11.07591837 11.58675737 12.09759637
 12.60843537 13.14249433 13.65333333 14.16417234 14.67501134 15.18585034
 15.69668934 16.20752834 16.71836735 17.22920635 17.74004535 18.25088435
 18.76172336 19.29578231 19.80662132 20.31746032 20.82829932 21.33913832
 21.84997732 22.36081633 22.87165533 23.38249433 23.91655329 24.42739229
 24.93823129 25.44907029 25.9599093  26.4707483  26.9815873  27.4924263
 28.00326531 28.51410431 29.02494331 29.55900227 30.04662132 30.58068027
 31.09151927 31.60235828 32.11319728 32.62403628 33.13487528 33.64571429
 34.15655329 34.66739229 35.17823129 35.71229025 36.22312925 36.73396825
 37.24480726 37.75564626 38.26648526 38.77732426 39.28816327 39.82222222
 40.33306122 40.84390023 41.35473923 41.86557823 42.37641723 42.88725624
 43.39809524 43.90893424 44.41977324 44.93061224 45.44145125 45.95229025
 46.46312925 46.97396825 47.48480726 48.01886621 48.52970522 49.04054422
 49.55138322 50.06222222 50.57306122 51.08390023 51.59473923 52.10557823
 52.61641723 53.12725624 53.63809524 54.1721542  54.65977324 55.1938322
 55.7046712  56.2155102  56.72634921 57.23718821 57.77124717 58.28208617
 58.79292517 59.30376417 59.81460317 60.32544218 60.83628118 61.34712018
 61.85795918 62.36879819 62.87963719 63.39047619 63.90131519 64.43537415
 64.94621315 65.45705215 65.9446712  66.47873016 66.98956916 67.50040816
 68.01124717 68.52208617 69.03292517 69.54376417 70.05460317 70.58866213
 71.07628118 71.61034014 72.09795918 72.63201814 73.14285714 73.65369615
 74.16453515 74.6985941  75.18621315 75.69705215 76.20789116 76.71873016
 77.22956916 77.74040816 78.25124717 78.78530612 79.27292517 79.80698413
 80.31782313 80.82866213 81.33950113 81.85034014 82.36117914 82.87201814
 83.38285714 83.89369615 84.40453515 84.9385941  85.44943311 85.96027211
 86.47111111 86.98195011 87.49278912 88.00362812 88.51446712 89.02530612
 89.53614512 90.07020408]