[ 0.11609977  0.58049887  1.021678    1.4860771   1.95047619  2.39165533
  2.85605442  3.29723356  3.76163265  4.20281179  4.64399093  5.10839002
  5.57278912  6.01396825  6.45514739  6.91954649  7.36072562  7.82512472
  8.26630385  8.70748299  9.17188209  9.61306122 10.07746032 10.54185941
 10.98303855 11.42421769 11.88861678 12.32979592 12.79419501 13.23537415
 13.69977324 14.16417234 14.60535147 15.04653061 15.51092971 15.95210884
 16.41650794 16.85768707 17.32208617 17.76326531 18.20444444 18.66884354
 19.11002268 19.57442177 20.03882086 20.48       20.94439909 21.38557823
 21.84997732 22.29115646 22.75555556 23.19673469 23.66113379 24.10231293
 24.54349206 25.00789116 25.47229025 25.91346939 26.35464853 26.81904762
 27.28344671 27.72462585 28.18902494 28.63020408 29.07138322 29.51256236
 29.97696145 30.44136054 30.88253968 31.34693878 31.81133787]